9
0.896265 1.303481 1.559525 0.561697 0.346636 0.927883 0.558285 1.789268 0.221512 2.261190 
1.452549 14.065934 0.042162 1.440385 0.792394 0.348956 1.084583 4.555213 0.253368 1.502906 
1.257215 0.262644 0.612605 1.094109 0.767897 0.992525 4.826995 0.986998 38.337687 0.244378 
2.735495 1.059077 0.181582 1.627629 2.301157 2.269563 0.606736 68.105572 1.811110 2.759458 
0.056900 0.490608 0.139075 2.756753 0.310150 0.853101 0.466722 5.806501 0.145567 4.355021 
1.893696 0.237972 0.556333 1.050926 1.311362 0.072370 0.714640 5.358350 14.820782 3.025759 
1.245317 1.461660 0.011721 0.171339 1.557943 0.000263 1.018113 0.067562 0.347816 1.979543 
0.119819 0.383072 0.468291 0.653613 0.530470 297.790000 3.067015 1.299926 3.052621 1.362493 
1.517311 1.179157 0.323387 2.252443 5.931806 2.328467 0.820567 0.939414 1.408047 0.248105 
